5
260
512
2570
10
260
2565
1536
3840
6144
8448
10752
13056
15360
17664
19968
22272
24576
26880
29184
31488
33792
36096
38400
40704
43008
45312
47616
49920
52224
54528
56832
59136
61440
63744
7680
7936
8192
8448
8704
8960
9216
9472
9728
9984
10240
10496
10752
11008
11264
11520
11776
12032
12288
12544
12800
13056
13312
13568
13824
14080
14336
14592
14848
15104
15360
15616
15872
16128
16384
16640
16900
17152
17408
17664
17920
18176
18432
18688
18944
19200
19456
19712
19968
20224
20480
20736
20992
21248
21504
21760
22016
22272
22528
22784
23040
23296
23552
23808
24064
24320
24576
24832
25088
25344
25600
25856
26112
26368
26624
26880
27136
27392
27648
27904
21504
22016
22528
23040
23552
24064
24576
25088
25344
25600
25856
26112
26368
26624
26880
27136
27392
27648
27904
28160
28416
28672
28928
29184
29440
29696
29952
30208
30464
30720
30976
31232
31488
31744
32000
32256
32512
32768
33024
33280
33536
35840
36096